t u u_err g g_err r r_err i i_err z z_err Y Y_err
0.0 28.587851517249007 0.15969583127881584 26.73284298011994 0.06320816983886521 26.487758778870713 0.051780652080903065 26.29211815653851 0.043064071491917114 26.641150220835655 0.04412426505604131 27.20357733272515 0.07191059330630886
1.0101010101010102 28.44497670916344 0.15385292524361913 26.57414808038495 0.041886315785194465 26.320700531027818 0.039896299781055945 26.150783195036926 0.03249403140735505 26.508143772371106 0.03131680474868512 27.084062489387122 0.06530756983991626
2.0202020202020203 28.30415496736576 0.1512442883080786 26.417718305804467 0.02758516443945683 26.155034455460104 0.03393272798467994 26.01067813155731 0.02717775495103966 26.376641436833573 0.024468638116222928 26.96484204178125 0.060807601939970056
3.0303030303030303 28.174871213686384 0.15115246577624178 26.27407652110299 0.026286265971886873 26.00089845436203 0.03314528882054138 25.880429202650028 0.026713185601356677 26.255089135798677 0.024767704015895568 26.852504298360618 0.05767982975483143
4.040404040404041 28.068782670193638 0.1530627387277247 26.15615170715807 0.03722296913020082 25.87047650713522 0.0406273671756117 25.770419239032716 0.033523387607829275 26.15375589030364 0.032490752258305534 26.754757130113944 0.05789066816778935
5.050505050505051 27.985249238998097 0.1555747665760275 26.063232721181336 0.04832266632065586 25.76299176237066 0.04959457221384101 25.679992497495284 0.04141496734026556 26.07203447720954 0.04065281234412319 26.671024853915092 0.05993822823319954
6.0606060606060606 27.92103494126015 0.1570619784436877 25.991729140959755 0.05394218029545645 25.67493575813416 0.05452557145135178 25.60616650814388 0.04570150437526937 26.007023518591676 0.04493499408383999 26.59898930402908 0.06135752597455895
7.070707070707071 27.872926734845418 0.15664916157073033 25.93807596857922 0.05243929573340348 25.602823079788806 0.053356352328158226 25.54597849479831 0.04468506239124976 25.955841467793764 0.04386969163243425 26.536346174798098 0.06068921306911347
8.080808080808081 27.837730909910373 0.15454994416131138 25.898729631266082 0.043947166775703865 25.54318745588609 0.0458552844967443 25.496482055978834 0.038175339542382926 25.91562337925048 0.03742756110244443 26.480802443923256 0.05771205621091785
9.090909090909092 27.812269501174672 0.15210370284012872 25.870164000718646 0.03110664045606569 25.49257787058103 0.03370163908086672 25.454743860026408 0.02755514379200174 25.88351769263788 0.02732564324442688 26.430073805485822 0.05347700541216632
10.101010101010102 27.793382318616352 0.15145714310055658 25.84887265101257 0.025436176505530032 25.447561073137784 0.02396970680044269 25.417845761241267 0.0189823998215622 25.856688177836457 0.020672373616542877 26.381886558946455 0.05030859705475808
11.111111111111112 27.781357671788136 0.1539932388062169 25.83517702615491 0.03853645055666709 25.408540421732976 0.029551126193784 25.38612560390392 0.024272386387474275 25.835430052616765 0.02758081114987344 26.336575205654015 0.05059305702817737
12.121212121212121 27.78240374856093 0.1593364348057246 25.835969804053704 0.05858510379792062 25.382525085246126 0.046564037731049064 25.365526258972707 0.03920537867198557 25.825422023327683 0.04220050886394454 26.29897953005079 0.05548465727998646
13.131313131313131 27.796604418417555 0.16644740359772975 25.851346238375598 0.07864213786721211 25.369784260055475 0.06518213928521066 25.356266593730876 0.055225478245523534 25.82681106395338 0.057646251667518134 26.26941150293864 0.06331218065031369
14.141414141414142 27.822960549838093 0.17393226613830695 25.880199511611213 0.09614248142897051 25.369391482843547 0.08188735366279966 25.35755025625142 0.0695012407658919 25.83876441534454 0.07135279928093875 26.24737705621465 0.07193976382197195
15.151515151515152 27.860367991168715 0.18053272188659755 25.92130601981573 0.10987425329288866 25.380289839315914 0.0953099395691321 25.36847092413322 0.08092712574948673 25.860348453159627 0.08222788512145839 26.23228346773724 0.07985104540336349
16.161616161616163 27.907494734596828 0.18525392759416578 25.97318883011734 0.11904080987820291 25.401143136929797 0.10451004591564658 25.387886660101866 0.08873167440631208 25.890412226925523 0.08954936755986846 26.223329272183623 0.08589038295866999
17.171717171717173 27.96299193596495 0.1874658618996987 26.034352258826907 0.12319804623311587 25.430592471114114 0.10895176465037701 25.414636468020127 0.09247278370634757 25.92778788933021 0.09291143414644884 26.21969464911507 0.08937938051797593
18.181818181818183 28.02552136063443 0.186931684024183 26.10331238514691 0.12222597998369007 25.467289878639512 0.10844455336623318 25.44756868405358 0.09199532302020108 25.97131687897483 0.09218535527631862 26.22056658613214 0.09002374067573342
19.191919191919194 28.093753856074404 0.1838050555152893 26.17859535759991 0.11632220943322863 25.509896807521653 0.10311221197353623 25.48553966888972 0.08740784947742354 26.01984860143225 0.08750347845351343 26.22513796281815 0.08784340368187585
20.202020202020204 28.16636783246184 0.17862025819285188 26.25873570933725 0.10603080027406112 25.557082595235013 0.09340276020475109 25.527412507044893 0.07909203937101808 26.07223911733373 0.07927654830838556 26.23260663989584 0.08315580241197829
21.212121212121215 28.24205173095599 0.17225962513123227 26.34227909861038 0.09231157947052501 25.60752728716082 0.08013272997051794 25.572059394815923 0.06774031979636806 26.127353412895093 0.0682455814640773 26.242177428588896 0.07659447651615131
22.222222222222225 28.319895698293163 0.16580477095678864 26.428216993746965 0.07653974526742068 25.660350590541775 0.06444238824835101 25.618726049335788 0.054315509270973755 26.184418341336908 0.05547053005783199 26.25334873142021 0.06908665700742439
23.232323232323235 28.39926300369034 0.16026241979242287 26.515844515937715 0.060417008742487927 25.7150070930793 0.047595596634666365 25.666940705517668 0.039871576084721645 26.242921302839804 0.04221084595216701 26.265869336287743 0.06173563273299805
24.242424242424242 28.47893340786774 0.15657425858128576 26.603809977541413 0.04710249707203585 25.770363867495217 0.0321838725150002 25.715729643853763 0.02658096847211007 26.301844691468368 0.03094431552962579 26.279133774498085 0.056011541201886283
25.252525252525253 28.55764720983192 0.15542441354956302 26.690717931029788 0.04209096375793876 25.825247244414662 0.025185987581765757 25.764084396493374 0.020544613281919106 26.360136340053742 0.026743982482425533 26.29251119605462 0.05355610128271564
26.262626262626263 28.634625060384913 0.15570918962933955 26.77570516513273 0.04318288775249479 25.878943993171177 0.02525493302657522 25.811391282350073 0.020698654476471377 26.417150465664868 0.02748548266948025 26.305629559660797 0.0535372957255643
27.272727272727273 28.709850016900432 0.15601130239633157 26.858753524904067 0.04420765020037311 25.931493516100076 0.022643999630673123 25.857680559784026 0.018423658859227365 26.472895094219577 0.026756393895622656 26.318558429984865 0.05408045379828695
28.282828282828284 28.783452829779055 0.15786973647868152 26.940008693555576 0.05132898243791816 25.98309151942543 0.027660671086667848 25.903115573061356 0.022844217967750314 26.527509139480326 0.030990723645959724 26.331467758728472 0.05725332637490806
29.292929292929294 28.856089510486132 0.16379604150969856 27.020198892459057 0.07025051489702482 26.03447240411979 0.047972361316243654 25.94831933224901 0.040416129554708025 26.581590121415378 0.046191675659629526 26.344860182305833 0.06565165363377923
30.303030303030305 28.927952428433084 0.1742180766837035 27.099537328354497 0.09601350380032597 26.085818838427937 0.07359532056529691 25.99344857592587 0.062372231488792056 26.635300117373593 0.06676504574911207 26.358836877932845 0.07819629386448206
31.313131313131315 28.999112644292428 0.18842704678920522 27.178102560836713 0.12450993643971682 26.13717899318274 0.10044609857119242 26.038545874444242 0.08532450805353452 26.688691235731074 0.08907761006294576 26.37340792795466 0.09297650885454291
32.323232323232325 29.069641267522627 0.20521677530279941 27.255973211616414 0.15354186611528248 26.188602080422445 0.12687837923452502 26.083654627683114 0.10791010222781196 26.74181602498846 0.11146534294670758 26.38858484880724 0.10848032726486248
33.333333333333336 29.139609513948248 0.22333442842440526 27.333228028219807 0.18184236960013592 26.24013839256746 0.15195594857760109 26.128819099660195 0.12934573221585408 26.79472751606565 0.1330067476505176 26.40438059937273 0.12370507342537343
34.343434343434346 29.209088763662383 0.241702985655612 27.409945948050915 0.2086018606508226 26.291839342796173 0.1750660994280685 26.174084454116954 0.14911449816995936 26.847479265226198 0.15311536093481637 26.420809590770805 0.13801437276663447
35.35353535353536 29.27815061929126 0.2594796014732293 27.486206162864107 0.23327333767829683 26.343757506649567 0.19579731114110785 26.219496791098404 0.16686670246849206 26.90012539766077 0.1713974007591205 26.437887697589893 0.15101723069352027
36.36363636363637 29.34686696466678 0.27604033191182387 27.56208818369562 0.25548429157695124 26.39594666489385 0.2138873858120332 26.26510318456009 0.1823773607778148 26.952720651765286 0.18759144897346655 26.455632270569403 0.16249548269356895
37.37373737373738 29.415310023948596 0.2909442711810964 27.637671906298976 0.27499132200171345 26.44846184767487 0.22919658145836863 26.310951721024622 0.19552390617429183 27.00532042414302 0.20153798419545413 26.474062150739943 0.1723627941970776
38.38383838383839 29.483552421240343 0.30389808827803316 27.713037677136853 0.2916533857242715 26.501359379995233 0.24169128021489658 26.357091539320813 0.2062724512632511 27.05798081536602 0.213161343070158 26.49319768503347 0.18064081247288785
39.3939393939394 29.55166724074343 0.3147262690614179 27.78826635997416 0.3054134477822507 26.554696928547774 0.2514319889503295 26.4035728714305 0.21466757903646186 27.110758676528906 0.22245698978468398 26.513060743372833 0.1874435750915408
40.40404040404041 29.619728087494494 0.3233465077359131 27.86343940312633 0.31628336338484403 26.60853354994267 0.25856190081253055 26.45044708447893 0.22082257990106238 27.163711656630994 0.22948035176136367 26.533674737256824 0.19296440104222448
41.41414141414142 29.687809148730146 0.3297479316453276 27.938638907408226 0.3243286776001862 26.662929740360358 0.2632927219122513 26.49776672389385 0.22490743115150078 27.21689825081961 0.23433453458962547 26.55506463985166 0.19746079425494822
42.42424242424243 29.75598424863933 0.33396207059520655 28.013946575119288 0.32964125656641907 26.717946263539748 0.26586529347191235 26.545584525302502 0.2271160702338023 27.270376893431397 0.23714313814085364 26.57725610101633 0.2012160302438557
43.43434343434344 29.82431131700956 0.33593088737443866 28.089426444832615 0.33217958694078065 26.773625267720632 0.26623306204851066 26.5939374761691 0.2274063792559905 27.324191206363736 0.23786022236150822 26.60026143528163 0.20424659324894323
44.44444444444445 29.89283542535377 0.3355378575961194 28.165128266162167 0.3318127754561445 26.82999394939135 0.2641191980838382 26.642849909585014 0.22554775031826652 27.378372871676024 0.23631101021740436 26.624082321991672 0.20635719795503843
45.45454545454546 29.961602022377548 0.3327251831669597 28.24110221231696 0.32846863282971056 26.887080602522698 0.25928813911509985 26.692347052851353 0.22134435955323395 27.4329541854948 0.23235880282787635 26.648721686002308 0.2073935162929263
46.46464646464647 30.030657364887727 0.3275134783810538 28.31739935886578 0.32215707440864405 26.944915120013622 0.25157252956158027 26.742455451852194 0.2146573272207101 27.48796845824985 0.22592442028888754 26.674184054709176 0.20726877196302484
47.47474747474748 30.1000485480983 0.32001817671975946 28.39407171718416 0.3129899379362003 27.003529009251523 0.24088802560818465 26.793202985253043 0.2054168959683474 27.54345003488639 0.21699950541041876 26.700475555315705 0.20597773512657963
48.484848484848484 30.169823536787284 0.310468035891596 28.471172268854644 0.30120494320788166 27.062955409254318 0.22724854078546514 26.84461888000821 0.19363497013283726 27.59943431610698 0.20566213490169077 26.727603913642874 0.20360790583007882
49.494949494949495 30.240031197331184 0.2992274494011189 28.548755001044032 0.2871977008816865 27.123229109408403 0.21078765606404504 26.89673372818731 0.17942274891822144 27.655957780656035 0.19209949690891215 26.755578454480627 0.20034925382595903
50.505050505050505 30.31072133063138 0.286822954590913 28.626874942875638 0.2715654491535611 27.184386569806126 0.19179486837370188 26.94957950512741 0.1630207049203034 27.71305800866009 0.17664477278301458 26.78441010347553 0.19650198148479425
51.515151515151516 30.381944705959437 0.2739712156856806 28.705588202826167 0.25516395718127166 27.246465943201727 0.17078287375578557 27.003189588924602 0.14485468633505985 27.770773706039304 0.1598400383937679 26.814111390554956 0.19247915533998214
52.525252525252526 30.45375309573938 0.2615989349732362 28.784952007168002 0.23917018715785324 27.30950709859331 0.14861872977347554 27.05759878127464 0.12564686189427707 27.829144730005446 0.14254365010467465 26.844696454889508 0.188797548739573
53.535353535353536 30.526199311293958 0.25083280733668867 28.865024739484344 0.22511894814278519 27.373551646449048 0.12678135350282654 27.112843329677062 0.10663904293776666 27.888212115662625 0.12610008344095758 26.876181051393566 0.18604650628782451
54.54545454545455 30.59933723957564 0.2429224922658575 28.94586598128309 0.21483504476204868 27.438642965592123 0.10781160798808608 27.16896095101618 0.09000190381285017 27.948018103729417 0.11253462498559799 26.908582558767748 0.1848241457393949
55.55555555555556 30.673221880907796 0.23905798557290894 29.027536553735743 0.2101431215396774 27.50482623175993 0.09569599350037429 27.225990856533038 0.07924067157021594 28.00860616939768 0.10449612594523451 26.941919989086472 0.18563787641098828
56.56565656565657 30.74783180551185 0.2399350252215695 29.11001254805943 0.21211005898610832 27.572066120802877 0.09427963735834152 27.283903696600234 0.0778657092834727 28.069952230585493 0.10407176550968009 26.976160915163863 0.18870977946651454
57.57575757575758 30.822405218422844 0.2445140902248457 29.1924490645585 0.21919380936283298 27.63953787368677 0.1012674658233085 27.34199831617098 0.08394049018463935 28.13137386104943 0.10958820563429968 27.010761068730485 0.19333352743169896
58.58585858585859 30.895766847743495 0.2511101267400771 29.27354263302279 0.2289123234934253 27.705974419980315 0.11139888076931907 27.39919723330039 0.09281259549477337 28.191820368438766 0.11774784621914847 27.044888343425598 0.19849621880614715
59.5959595959596 30.966735717295258 0.2584082410060846 29.35198345982981 0.23939487109056412 27.77010310579388 0.12114506881495675 27.45441818593773 0.10137794331235978 28.2502361871644 0.12618339947307292 27.077707397566485 0.2034545139055082
60.60606060606061 31.034128366879763 0.265599598478956 29.426459001293434 0.24955145534342923 27.830649183795437 0.12889690257827036 27.506577098829162 0.1082437562858227 28.30556376528422 0.13368234676586804 27.108381958844717 0.20778214188388355
61.61616161616162 31.096757494558716 0.27238180892582176 29.495652457939315 0.25900757813204667 27.88633435468025 0.13436264239384377 27.55458684293169 0.11316732467774797 28.35674235282307 0.13994019378552908 27.136073870430224 0.21136122225558399
62.62626262626263 31.15343059573446 0.278899252723589 29.558241265236735 0.2679737581215088 27.935875305770132 0.13817688054229968 27.597355992352618 0.11670034950985463 28.402706787464105 0.14532020398628662 27.159942135629574 0.2143506608823554
63.63636363636364 31.202948597879885 0.2856523103224893 29.612895579510543 0.27709940476691586 27.977982245505657 0.14169356559196072 27.633787577764622 0.12000285523600858 28.442386276585015 0.1506721131684965 27.179141960291403 0.217139283040893
64.64646464646465 31.244104489751525 0.2933748113164943 29.65827675774047 0.28730226373125656 28.011357432583 0.14675499671766976 27.662777835232493 0.12463910289274269 28.474703174599714 0.1571378794390256 27.192823792142885 0.22027751836433637
65.65656565656566 31.27594204136422 0.30271847036396493 29.693324421129397 0.29936793690057584 28.034978005974125 0.15491776240578092 27.68345650285522 0.13191520840395765 28.498805878488163 0.16566171361169757 27.200321962664514 0.2242780865687636
66.66666666666667 31.298938198408063 0.31337220542927907 29.718568407951295 0.3128766810606895 28.049389052335187 0.16543485633712368 27.696285404513382 0.14117519995451905 28.515133403060535 0.17573309726707925 27.202017486978875 0.22902872483258516
67.67676767676768 31.314058038007676 0.3246164220595205 29.73508019134197 0.326930264295236 28.05567042536732 0.17672640292035985 27.7021806475172 0.1510682859037538 28.524564638121394 0.186311974558594 27.198648905980022 0.23413885261326445
68.68686868686869 31.322258309649666 0.33573857686508424 29.743922016830115 0.34067129419371106 28.05489372453494 0.18741071175107812 27.7020512792986 0.1604217617717699 28.527971319689744 0.1964617982095999 27.19094988823872 0.23921419692035994
69.6969696969697 31.32448803871273 0.34611092662998094 29.746147572770898 0.35336765045112783 28.04812298556026 0.19641602864691016 27.696799872390102 0.1683293899849687 28.526218585812373 0.2054279828626485 27.179649713212612 0.24391606579117522
70.70707070707071 31.321689594517085 0.35522881841708365 29.742803176268065 0.3644467114745315 28.036415881080046 0.2029684635294259 27.687323542718698 0.17413750449638532 28.520165951500065 0.2126480220449111 27.165474096444918 0.2479975940836182
71.71717171717172 31.314799752763776 0.36272466993767893 29.734928952885664 0.3735024517323965 28.020824916030502 0.20654754837492179 27.674514963372154 0.17740570960650556 28.510668278960832 0.2177363846076517 27.149146011887662 0.25132409475007395
72.72727272727273 31.30475075326519 0.3683691562147209 29.72356001114723 0.3802905526745194 28.002398618773498 0.20684657826245478 27.659263374698508 0.17787241191650602 28.498576743953183 0.22046556725266406 27.131386512047364 0.2538836603511055
73.73737373737374 31.29247135385694 0.372066670806669 29.709727612814785 0.38471964661279534 27.982182728970635 0.20374833619356664 27.642455591591997 0.17543333655439597 28.484739799075037 0.22075150928521292 27.112915546647052 0.25579180847950217
74.74747474747475 31.27888788139073 0.37384846725794746 29.694460339942427 0.3868420029630086 27.961221383216238 0.19731844982837268 27.624977008821674 0.17013435445219938 28.470004134807787 0.21864552131995021 27.09445278050095 0.2572912169095639
75.75757575757576 31.264925280690946 0.373864271635783 29.678785259688393 0.38684394228216124 27.940558299428137 0.18781820844193314 27.60771260525091 0.162179546658731 28.455215639126028 0.21433241261835692 27.076718411292724 0.2587449370619047
76.76767676767678 31.251559721133216 0.3723898542365901 29.663786401599822 0.38505690446297997 27.921300567978932 0.17572340964328692 27.591600795530706 0.15194649783283534 28.441269295323373 0.20814343368841773 27.06048039240587 0.26058596799660555
77.77777777777779 31.2399754838721 0.369876798265363 29.650779155309987 0.38202087030658477 27.904809070210128 0.1617428332983477 27.577794170303292 0.14000994649280474 28.42925806195999 0.20060542377746646 27.046695513025416 0.26318858688006164
78.7878787878788 31.231306036116777 0.36691361855474147 29.641022442502226 0.37844030138079277 27.8923839830174 0.14698828542369488 27.567394028979265 0.12727420114040788 28.42022706957191 0.19245850952435342 27.036276235386264 0.2669052468622278
79.7979797979798 31.226228937448745 0.3642541853533473 29.63526840574695 0.3752226146412558 27.88477279498341 0.13312006212484254 27.561035091114853 0.11510805016460765 28.41478907724296 0.18471084322772643 27.029725977739876 0.2719575018693016
80.80808080808082 31.22530042535234 0.3627122391456072 29.63413433910255 0.37335176366062833 27.882576501708748 0.12250585503845811 27.559228377868756 0.10548697508158669 28.41344202147691 0.17856970129660626 27.027440129222104 0.2784860248253965
81.81818181818183 31.229216969257 0.362906062336895 29.638393183633433 0.373578481263717 27.88655033767158 0.11741280901268245 27.562615904891132 0.10036266936773619 28.416810468013992 0.17503590709143418 27.02991762623024 0.286454426840482
82.82828282828284 31.23913829456247 0.36494767527075606 29.64933200696341 0.3760411448141043 27.89795605429082 0.11817299714657627 27.572270035596798 0.10014712718809195 28.425936083942943 0.17428739751653546 27.03799522749587 0.2955157309023934
83.83838383838385 31.25566108069955 0.36881209238594237 29.667612920508592 0.38070229841829795 27.91743305467406 0.12410305124769498 27.58873474589233 0.1044097826120798 28.44135088685566 0.17623058718804754 27.052089602209673 0.3053486887122187
84.84848484848486 31.27761159513124 0.3741814905515884 29.69193282822821 0.3871558540471683 27.94365623675618 0.1336109197644824 27.610886519168723 0.11185819603352591 28.461981299885462 0.18031901715283255 27.071285758469436 0.3157080465869443
85.85858585858587 31.30352967714473 0.3808423454991389 29.7206706757578 0.3951179436392258 27.974981471103444 0.14560608049131668 27.637331110506857 0.12156253370650898 28.486493502399146 0.1861692525905023 27.094451568828543 0.3264905386966479
86.86868686868688 31.331881347560277 0.3887251480600853 29.752123508735174 0.40447558204801237 28.00968514854181 0.1595961225792328 27.666606679621324 0.1330808305165099 28.51348770951128 0.19362268667392124 27.120402810556964 0.33769840623727015
87.87878787878789 31.360959576137127 0.39778704032464446 29.784396345862362 0.4151445539458298 28.045855675069845 0.1752490581612079 27.697091603103427 0.14610256426093218 28.54140882486058 0.2025502415817843 27.147830792179136 0.349353494450064
88.8888888888889 31.38940627008983 0.4079857649999068 29.815981401527992 0.42705278952248843 28.081964299856427 0.19233829261778046 27.727489450832884 0.16040973393217925 28.569016424381516 0.21283811218615448 27.1756831975783 0.3614837531601397
89.89898989898991 31.416796215959483 0.41909278062923583 29.846406036992416 0.4399326739307746 28.117504053967437 0.21029118284702739 27.75737180780206 0.1754902962037393 28.595910657011437 0.22412284542349467 27.20359065662793 0.3740054857189656
90.90909090909092 31.442847043460596 0.430915006952889 29.875356133412197 0.4535643142523051 28.152125287047898 0.2287478424015721 27.786443855629443 0.19102112981425146 28.621820730734864 0.23612632039535664 27.23128958710601 0.38685574599420547
91.91919191919193 31.46727492118507 0.44336856606897934 29.902515968810423 0.46785741045852375 28.185477691763055 0.2476502962712261 27.81441016607325 0.2069437242281027 28.64647491926666 0.24875041355225333 27.258516666303457 0.40003402844852776
92.92929292929294 31.489794228103918 0.4564960948911001 29.92756785267822 0.48286942361458285 28.217209897576957 0.2671997809253033 27.840974358488758 0.22342569755157377 28.669600247254916 0.26208064033911466 27.28500852513848 0.413609652031682
93.93939393939395 31.51011722356641 0.4704675481434003 29.950191758925143 0.498804622661441 28.246969063735985 0.28780138620435325 27.86583875656335 0.24081174384036913 28.690922174474565 0.276366561883971 27.310501442369286 0.4277204849510366
94.94949494949496 31.527952772292167 0.4855665046328658 29.97006391009724 0.5159965590348691 28.27439944026531 0.30999822344646105 27.88870316818482 0.25956595036503366 28.710163429689903 0.291984723471093 27.334730351449586 0.4425640133824222
95.95959595959597 31.54293073655022 0.5021061392950668 29.986772868758937 0.5348089361500328 28.299059691837382 0.33427589727186857 27.909194642582975 0.2801036070193433 28.726975933361576 0.30930575279535605 27.357373692659927 0.4583366501991132
96.96969696969697 31.554852790377485 0.5202629514986238 30.000097884586534 0.5554425139103623 28.32069696710506 0.36075315176851436 27.927100334278506 0.3025264741070282 28.74116655289408 0.3284669299038181 27.37823608383068 0.47511477026888416
97.97979797979798 31.56404751589324 0.5400670062501757 30.010402971421655 0.5779264333085371 28.339634942289578 0.3892521117046204 27.942697204364595 0.3266830164022381 28.753016730515178 0.3493929520499973 27.397506973678137 0.4928608601899125
98.98989898989899 31.57088739693416 0.5615138994534082 30.018100881384406 0.6022500098283057 28.356246185106546 0.4195855590964294 27.956303704172324 0.3524132121670798 28.762847796151803 0.3719794311397635 27.415409080315193 0.5115272615358452
100.0 31.57573073542919 0.5845779933221119 30.023588646911634 0.6283785662930365 28.37088880869074 0.4515902298846099 27.968225946250975 0.3795768084726951 28.770968736452716 0.39611795601622574 27.432156261886192 0.5310716730661305
